300	0.888922348
301	0.889112396
302	0.889003677
303	0.888871765
304	0.889283829
305	0.888938675
306	0.889890823
307	0.8909021
308	0.890395813
309	0.890097809
310	0.889778137
311	0.890637054
312	0.89000946
313	0.890484467
314	0.891071396
315	0.890720444
316	0.890768204
317	0.892176437
318	0.890655441
319	0.889510117
320	0.891496201
321	0.891714706
322	0.890982971
323	0.891606751
324	0.892022476
325	0.890681534
326	0.891777725
327	0.891819153
328	0.890970841
329	0.89185669
330	0.893112717
331	0.892664948
332	0.891163559
333	0.893068314
334	0.892346191
335	0.892316666
336	0.892908859
337	0.892156372
338	0.892773132
339	0.89335907
340	0.892126999
341	0.893229218
342	0.89051033
343	0.893103256
344	0.892839737
345	0.892301636
346	0.892409592
347	0.894808044
348	0.894829941
349	0.894960785
350	0.895484695
351	0.897109222
352	0.89756752
353	0.895996018
354	0.898290787
355	0.896803131
356	0.898099594
357	0.897993164
358	0.896811981
359	0.899787521
360	0.89734726
361	0.897816849
362	0.897996674
363	0.89790657
364	0.8975354
365	0.897894974
366	0.897708206
367	0.898237305
368	0.897793503
369	0.89803894
370	0.897802734
371	0.897965469
372	0.897392807
373	0.898176727
374	0.897857285
375	0.898164825
376	0.897647324
377	0.897562714
378	0.898595581
379	0.896424179
380	0.897415543
381	0.897861786
382	0.898083649
383	0.898638916
384	0.898450317
385	0.89902153
386	0.897721024
387	0.898443298
388	0.898558502
389	0.89865654
390	0.898551483
391	0.898436661
392	0.898773499
393	0.898809509
394	0.898317413
395	0.898737946
396	0.898889465
397	0.898035507
398	0.898028641
399	0.898402481
400	0.899103622
401	0.899629898
402	0.898576279
403	0.898015213
404	0.899428482
405	0.898233185
406	0.898864594
407	0.899431686
408	0.899685745
409	0.898246536
410	0.899434052
411	0.898824005
412	0.898808212
413	0.898769836
414	0.899792328
415	0.897432327
416	0.899262924
417	0.898310928
418	0.89875206
419	0.898575363
420	0.898760452
421	0.898516846
422	0.89880249
423	0.898146973
424	0.898505096
425	0.89911911
426	0.898808136
427	0.897637482
428	0.89753891
429	0.899888229
430	0.897355576
431	0.898312225
432	0.89906044
433	0.897965393
434	0.897697678
435	0.898268585
436	0.897739105
437	0.897716827
438	0.899027634
439	0.898642502
440	0.898052139
441	0.897587738
442	0.897778015
443	0.89757225
444	0.898345032
445	0.897894669
446	0.898050613
447	0.897672501
448	0.898019562
449	0.897341919
450	0.898895035
451	0.898888397
452	0.898215485
453	0.897582245
454	0.897635346
455	0.897705078
456	0.897955933
457	0.896932221
458	0.897883987
459	0.89787735
460	0.898195343
461	0.897469559
462	0.897665253
463	0.897586594
464	0.897708588
465	0.897795258
466	0.897111664
467	0.897124786
468	0.89788681
469	0.897493286
470	0.896523132
471	0.897083817
472	0.897241211
473	0.896598358
474	0.897420578
475	0.897499619
476	0.89700592
477	0.897387848
478	0.896761017
479	0.897111816
480	0.896695175
481	0.895858841
482	0.896843338
483	0.897114868
484	0.896429062
485	0.896848908
486	0.896652679
487	0.896572876
488	0.896710053
489	0.896526642
490	0.896657715
491	0.896408157
492	0.89663475
493	0.895563736
494	0.896632385
495	0.896112976
496	0.895556946
497	0.895766144
498	0.895801926
499	0.896342773
500	0.895693588
501	0.895783005
502	0.895650482
503	0.895377045
504	0.895715942
505	0.896354218
506	0.894855804
507	0.895686112
508	0.895928955
509	0.895090179
510	0.895587845
511	0.895628662
512	0.89538002
513	0.895725098
514	0.894809494
515	0.894714661
516	0.895032425
517	0.895524979
518	0.894236374
519	0.894906006
520	0.895397186
521	0.894404907
522	0.894885178
523	0.894504471
524	0.895267105
525	0.894581146
526	0.894498062
527	0.895028534
528	0.89420578
529	0.895023346
530	0.894664307
531	0.894080429
532	0.894224854
533	0.893935394
534	0.893962021
535	0.893969498
536	0.894237061
537	0.893857193
538	0.89350174
539	0.894095001
540	0.89365036
541	0.893738403
542	0.893073654
543	0.893771515
544	0.893261337
545	0.893284683
546	0.89360054
547	0.892962799
548	0.893419724
549	0.893571625
550	0.89318428
551	0.892908707
552	0.892343445
553	0.893176804
554	0.89230545
555	0.892807617
556	0.892931595
557	0.89203598
558	0.891641464
559	0.891950378
560	0.892020721
561	0.891624451
562	0.891934509
563	0.892264938
564	0.891630402
565	0.89188118
566	0.891407929
567	0.890270157
568	0.890907288
569	0.891238937
570	0.891150894
571	0.891161804
572	0.890323639
573	0.891337204
574	0.890808716
575	0.89107605
576	0.890798187
577	0.890585175
578	0.890830841
579	0.890664902
580	0.889726486
581	0.889631348
582	0.890798187
583	0.889728317
584	0.889127731
585	0.890457459
586	0.889617081
587	0.889391632
588	0.889532471
589	0.889507675
590	0.889497528
591	0.888999252
592	0.88887001
593	0.88895874
594	0.889069519
595	0.88904213
596	0.888852158
597	0.888930283
598	0.888520355
599	0.88857605
600	0.887721252
601	0.888236923
602	0.888211899
603	0.888119125
604	0.887700577
605	0.887393494
606	0.887622299
607	0.88753006
608	0.887497253
609	0.886942749
610	0.886661606
611	0.886840515
612	0.887572556
613	0.886850433
614	0.886113892
615	0.886132355
616	0.887055054
617	0.885891266
618	0.885568619
619	0.885894547
620	0.885472794
621	0.885594177
622	0.885330734
623	0.885764313
624	0.885295944
625	0.885267563
626	0.884584198
627	0.884365234
628	0.885003586
629	0.884145584
630	0.883993149
631	0.883707886
632	0.884319153
633	0.88435318
634	0.883678131
635	0.883465118
636	0.883377914
637	0.883467331
638	0.883724518
639	0.882981339
640	0.882832336
641	0.88314743
642	0.882914124
643	0.881986313
644	0.882135696
645	0.8824617
646	0.882291031
647	0.881625214
648	0.882502899
649	0.881673203
650	0.880964661
651	0.881583099
652	0.881388016
653	0.881443024
654	0.881050568
655	0.880785446
656	0.880101471
657	0.880099182
658	0.880610504
659	0.880271606
660	0.879812622
661	0.879048767
662	0.879601059
663	0.879692383
664	0.87894661
665	0.878870544
666	0.878985214
667	0.878986435
668	0.877966538
669	0.878453903
670	0.877831879
671	0.877860565
672	0.878021317
673	0.877064362
674	0.877117767
675	0.877705536
676	0.877605515
677	0.876934128
678	0.876963654
679	0.876219864
680	0.875646057
681	0.876042481
682	0.876521454
683	0.875637283
684	0.875364227
685	0.87623909
686	0.875046692
687	0.875340958
688	0.875448303
689	0.875362473
690	0.874600601
691	0.874252472
692	0.874590683
693	0.874678421
694	0.873858872
695	0.873098221
696	0.874035568
697	0.872628403
698	0.872989883
699	0.872848358
700	0.872683182
701	0.872198792
702	0.872368317
703	0.872489471
704	0.872041779
705	0.871400528
706	0.871373901
707	0.870670013
708	0.869916382
709	0.870547714
710	0.87075798
711	0.870043335
712	0.8703508
713	0.869456635
714	0.869001007
715	0.869807663
716	0.86942482
717	0.869035263
718	0.869346466
719	0.868810654
720	0.867987289
721	0.867809906
722	0.867103043
723	0.866861496
724	0.866766205
725	0.867282944
726	0.86708168
727	0.866721726
728	0.865950241
729	0.866552658
730	0.864624939
731	0.866282959
732	0.865640717
733	0.864941406
734	0.865777969
735	0.863853149
736	0.864016266
737	0.864800186
738	0.862967148
739	0.86169693
740	0.863301544
741	0.86278595
742	0.863019714
743	0.861530914
744	0.862156372
745	0.862018051
746	0.861860886
747	0.861121368
748	0.860336151
749	0.859686508
750	0.86041153
751	0.860206909
752	0.859199677
753	0.859321594
754	0.859725494
755	0.858063965
756	0.858325729
757	0.858259811
758	0.858992539
759	0.857283936
760	0.857110672
761	0.856862717
762	0.856512375
763	0.856104202
764	0.855742645
765	0.855671692
766	0.854368439
767	0.854244003
768	0.852714081
769	0.853637619
770	0.853616333
771	0.854001617
772	0.850996018
773	0.853086929
774	0.850583115
775	0.850668488
776	0.851192551
777	0.852193604
778	0.851129913
779	0.848968048
780	0.848805542
781	0.847337418
782	0.847992172
783	0.848456345
784	0.847676239
785	0.847524567
786	0.846851959
787	0.847286911
788	0.845322113
789	0.845177536
790	0.844608383
791	0.844880066
792	0.844447861
793	0.845710678
794	0.844415588
795	0.841001205
796	0.842036743
797	0.842935867
798	0.843387756
799	0.840840302
800	0.845506058
801	0.845573044
802	0.842594452
803	0.847021256
804	0.84413681
805	0.843131027
806	0.844036636
807	0.84389885
808	0.842964096
809	0.842128525
810	0.841206513
811	0.84286087
812	0.841567764
813	0.838246689
814	0.841034012
815	0.840717697
816	0.839547119
817	0.840682373
818	0.841545639
819	0.839049683
820	0.840151901
821	0.839189301
822	0.840089645
823	0.839053879
824	0.840568314
825	0.837875671
826	0.839489517
827	0.841577225
828	0.839310608
829	0.842082977
830	0.839509506
831	0.840591812
832	0.840126343
833	0.83982399
834	0.84063179
835	0.841851578
836	0.840139237
837	0.842634354
838	0.842410507
839	0.841370544
840	0.841962662
841	0.842559586
842	0.841329498
843	0.843442154
844	0.844043274
845	0.844353409
846	0.844100189
847	0.844202576
848	0.846091156
849	0.845280609
850	0.84635376
851	0.846958771
852	0.847510834
853	0.84801033
854	0.847625351
855	0.849704437
856	0.848976669
857	0.850211639
858	0.850530319
859	0.851071625
860	0.851326294
861	0.852117844
862	0.853421326
863	0.8537323
864	0.855009995
865	0.855211868
866	0.856492691
867	0.857136993
868	0.858549271
869	0.856912079
870	0.858639679
871	0.862802277
872	0.861109619
873	0.861617203
874	0.862197952
875	0.864059982
876	0.865977783
877	0.867443008
878	0.869578552
879	0.87036293
880	0.871604614
881	0.872939606
882	0.873482132
883	0.87388176
884	0.873874741
885	0.873438416
886	0.871840134
887	0.871639557
888	0.871019592
889	0.869818039
890	0.869757538
891	0.869609222
892	0.869664841
893	0.869894409
894	0.871230469
895	0.87100647
896	0.872024841
897	0.872913437
898	0.872942734
899	0.874261627
900	0.874733276
901	0.875576325
902	0.875182495
903	0.876570358
904	0.877957459
905	0.877123871
906	0.878712006
907	0.879122086
908	0.880118027
909	0.879885025
910	0.880807648
911	0.881775208
912	0.882289429
913	0.88273346
914	0.883933106
915	0.883041
916	0.884539108
917	0.884697952
918	0.885699463
919	0.885513535
920	0.886077805
921	0.88736351
922	0.887402496
923	0.888121796
924	0.88908905
925	0.890149841
926	0.890135651
927	0.890965653
928	0.892207718
929	0.892932739
930	0.892727509
931	0.894216003
932	0.894351578
933	0.89529007
934	0.895394287
935	0.896202011
936	0.896526032
937	0.897783585
938	0.898013229
939	0.89875145
940	0.899254761
941	0.89978241
942	0.900026321
943	0.900659943
944	0.900658875
945	0.901424484
946	0.901580811
947	0.902454453
948	0.902739182
949	0.902840576
950	0.903204041
951	0.903595581
952	0.904426117
953	0.904843216
954	0.905204773
955	0.904987259
956	0.905782471
957	0.906394959
958	0.906380615
959	0.907401657
960	0.906558609
961	0.908231201
962	0.908324127
963	0.908628464
964	0.90869194
965	0.909604034
966	0.910014648
967	0.909784927
968	0.910807495
969	0.910952759
970	0.911551743
971	0.911288147
972	0.912127914
973	0.912543335
974	0.913152008
975	0.913810272
976	0.913455277
977	0.914883423
978	0.914846954
979	0.914966278
980	0.915098267
981	0.916414337
982	0.916097946
983	0.915468063
984	0.91688446
985	0.917105484
986	0.918019714
987	0.917590332
988	0.917885895
989	0.917867432
990	0.919221191
991	0.918753281
992	0.919589157
993	0.920075531
994	0.920158691
995	0.920770264
996	0.920561981
997	0.92197609
998	0.921902771
999	0.921920395
1000	0.922263718
